1.0000 6.5634
2.0000 3.2842
3.0000 2.2112
4.0000 2.0036
5.0000 1.5371
6.0000 1.3385
7.0000 1.2262
8.0000 1.1301
9.0000 1.1135
10.0000 1.0778
11.0000 1.0212
12.0000 0.9465
13.0000 0.9208
14.0000 0.9059
15.0000 0.8768
16.0000 0.9345
17.0000 0.8821
18.0000 0.8580
19.0000 0.8672
20.0000 0.8794
21.0000 0.8639
22.0000 0.8918
23.0000 0.8977
24.0000 0.9358
25.0000 0.9235
26.0000 0.9737
27.0000 0.9416
28.0000 0.9722
29.0000 0.9698
30.0000 0.9910
31.0000 0.9932
32.0000 1.0287
33.0000 1.0316
34.0000 1.0412
35.0000 0.9973
36.0000 1.0498
37.0000 1.0227
38.0000 1.0600
39.0000 1.0431
40.0000 1.0641